     1        0   129600   0.000
     2    12510   129600   0.010
     3    25019   129600   0.020
     4    37528   129600   0.030
     5    50037   129600   0.040
     6    62546   129600   0.050
     7    75055   129600   0.060
     8    87564   129600   0.070
     9   100073   129600   0.080
    10   112582   129600   0.090
    11   125091   129600   0.100
    12   137600   129600   0.110
    13   150109   129600   0.120
    14   162618   129600   0.130
    15   175127   130375   0.140
    16   187636   130375   0.150
    17   200145   130375   0.160
    18   212654   130375   0.170
    19   225163   130375   0.180
    20   237672   130375   0.190
    21   250181   130375   0.200
    22   262690   130375   0.210
    23   275199   130375   0.220
    24   287708   130375   0.230
    25   300217   130375   0.240
    26   312726   131650   0.250
    27   325235   131650   0.260
    28   337744   131650   0.270
    29   350253   131650   0.280
    30   362762   131650   0.290
    31   375271   132411   0.300
    32   387780   132411   0.310
    33   400289   132411   0.320
    34   412798   132816   0.330
    35   425307   132816   0.340
    36   437816   132816   0.350
    37   450325   132816   0.360
    38   462834   133398   0.370
    39   475343   133398   0.380
    40   487852   133747   0.390
    41   500361   133747   0.400
    42   512870   133747   0.410
    43   525379   133747   0.420
    44   537888   134293   0.430
    45   550397   134612   0.440
    46   562906   134612   0.450
    47   575415   134612   0.460
    48   587924   135039   0.470
    49   600433   135039   0.480
    50   612942   135401   0.490
    51   625451   135401   0.500
    52   637960   135401   0.510
    53   650469   135795   0.520
    54   662978   135795   0.530
    55   675487   136105   0.540
    56   687996   136105   0.550
    57   700505   136416   0.560
    58   713014   136416   0.570
    59   725523   136786   0.580
    60   738032   137070   0.590
    61   750541   137070   0.600
    62   763050   137322   0.610
    63   775559   137580   0.620
    64   788068   137580   0.630
    65   800577   137905   0.640
    66   813086   137905   0.650
    67   825595   138165   0.660
    68   838104   138397   0.670
    69   850613   138397   0.680
    70   863122   138652   0.690
    71   875631   138652   0.700
    72   888140   138970   0.710
    73   900649   139218   0.720
    74   913158   139453   0.730
    75   925667   139453   0.740
    76   938176   139720   0.750
    77   950685   139720   0.760
    78   963194   139720   0.770
    79   975703   139720   0.780
    80   988212   139720   0.790
    81  1000721   139720   0.800
    82  1013230   139720   0.810
    83  1025739   139720   0.820
    84  1038248   140719   0.830
    85  1050757   140719   0.840
    86  1063266   140719   0.850
    87  1075775   140719   0.860
    88  1088284   140719   0.870
    89  1100793   141387   0.880
    90  1113302   141387   0.890
    91  1125811   141387   0.900
    92  1138320   141954   0.910
    93  1150829   141954   0.920
    94  1163338   141954   0.930
    95  1175847   141954   0.940
    96  1188356   141954   0.950
    97  1200865   141954   0.960
    98  1213374   141954   0.970
    99  1225883   141954   0.980
   100  1238392   141954   0.990
   101  1250901   141954   1.000
   102  1263410   143475   1.010
   103  1275919   143475   1.020
   104  1288428   143475   1.030
   105  1300937   143475   1.040
   106  1313446   143475   1.050
   107  1325955   143475   1.060
   108  1338464   143475   1.070
   109  1350973   144708   1.080
   110  1363482   144708   1.090
   111  1375991   144708   1.100
   112  1388500   144708   1.110
   113  1401009   144708   1.120
   114  1413518   144708   1.130
   115  1426027   144708   1.140
   116  1438536   144708   1.150
   117  1451045   144708   1.160
   118  1463554   146429   1.170
   119  1476063   146429   1.180
   120  1488572   146429   1.190
   121  1501081   146429   1.200
   122  1513590   146429   1.210
   123  1526099   146429   1.220
   124  1538608   146429   1.230
   125  1551117   146429   1.240
   126  1563626   146429   1.250
   127  1576135   146429   1.260
   128  1588644   146429   1.270
   129  1601153   146429   1.280
   130  1613662   148635   1.290
   131  1626171   148635   1.300
   132  1638680   148635   1.310
   133  1651189   148635   1.320
   134  1663698   148635   1.330
   135  1676207   148635   1.340
   136  1688716   149834   1.350
   137  1701225   149834   1.360
   138  1713734   150505   1.370
   139  1726243   150505   1.380
   140  1738752   150505   1.390
   141  1751261   150505   1.400
   142  1763770   150505   1.410
   143  1776279   150505   1.420
   144  1788788   150505   1.430
   145  1801297   150505   1.440
   146  1813806   150505   1.450
   147  1826315   150505   1.460
   148  1838824   150505   1.470
   149  1851333   150505   1.480
   150  1863842   152639   1.490
   151  1876351   152639   1.500
   152  1888860   152639   1.510
   153  1901369   152639   1.520
   154  1913878   152639   1.530
   155  1926387   152639   1.540
   156  1938896   153858   1.550
   157  1951405   154447   1.560
   158  1963914   154447   1.570
   159  1976423   154447   1.580
   160  1988932   154447   1.590
   161  2001441   154447   1.600
   162  2013950   154447   1.610
   163  2026459   154447   1.620
   164  2038968   154447   1.630
   165  2051477   154447   1.640
   166  2063986   154447   1.650
   167  2076495   154447   1.660
   168  2089004   154447   1.670
   169  2101513   156620   1.680
   170  2114022   156620   1.690
   171  2126531   156620   1.700
   172  2139040   156620   1.710
   173  2151549   156620   1.720
   174  2164058   156620   1.730
   175  2176567   156620   1.740
   176  2189076   156620   1.750
   177  2201585   156620   1.760
   178  2214094   156620   1.770
   179  2226603   156620   1.780
   180  2239112   156620   1.790
   181  2251621   156620   1.800
   182  2264130   158702   1.810
   183  2276639   158702   1.820
   184  2289148   158702   1.830
   185  2301657   158702   1.840
   186  2314166   159817   1.850
   187  2326675   159817   1.860
   188  2339184   160542   1.870
   189  2351693   160542   1.880
   190  2364202   160542   1.890
   191  2376711   160542   1.900
   192  2389220   160542   1.910
   193  2401729   160542   1.920
   194  2414238   160542   1.930
   195  2426747   160542   1.940
   196  2439256   160542   1.950
   197  2451765   160542   1.960
   198  2464274   160542   1.970
   199  2476783   160542   1.980
   200  2489292   160542   1.990
   201  2501801   162736   2.000
   202  2514310   162736   2.010
   203  2526819   162736   2.020
   204  2539328   162736   2.030
   205  2551837   162736   2.040
   206  2564346   162736   2.050
   207  2576855   162736   2.060
   208  2589364   162736   2.070
   209  2601873   162736   2.080
   210  2614382   162736   2.090
   211  2626891   164537   2.100
   212  2639400   164537   2.110
   213  2651909   164537   2.120
   214  2664418   164537   2.130
   215  2676927   164537   2.140
   216  2689436   164537   2.150
   217  2701945   164537   2.160
   218  2714454   164537   2.170
   219  2726963   164537   2.180
   220  2739472   164537   2.190
   221  2751981   164537   2.200
   222  2764490   164537   2.210
   223  2776999   166700   2.220
   224  2789508   166700   2.230
   225  2802017   166700   2.240
   226  2814526   167686   2.250
   227  2827035   167686   2.260
   228  2839544   167686   2.270
   229  2852053   167686   2.280
   230  2864562   167686   2.290
   231  2877071   167686   2.300
   232  2889580   167686   2.310
   233  2902089   167686   2.320
   234  2914598   167686   2.330
   235  2927107   167686   2.340
   236  2939616   167686   2.350
   237  2952125   167686   2.360
   238  2964634   169959   2.370
   239  2977143   169959   2.380
   240  2989652   169959   2.390
   241  3002161   169959   2.400
   242  3014670   169959   2.410
   243  3027179   169959   2.420
   244  3039688   169959   2.430
   245  3052197   169959   2.440
   246  3064706   169959   2.450
   247  3077215   169959   2.460
   248  3089724   171832   2.470
   249  3102233   171832   2.480
   250  3114742   171832   2.490
   251  3127251   171832   2.500
   252  3139760   171832   2.510
   253  3152269   171832   2.520
   254  3164778   171832   2.530
   255  3177287   171832   2.540
   256  3189796   171832   2.550
   257  3202305   171832   2.560
   258  3214814   171832   2.570
   259  3227323   173763   2.580
   260  3239832   173763   2.590
   261  3252341   173763   2.600
   262  3264850   173763   2.610
   263  3277359   173763   2.620
   264  3289868   173763   2.630
   265  3302377   173763   2.640
   266  3314886   173763   2.650
   267  3327395   173763   2.660
   268  3339904   173763   2.670
   269  3352413   173763   2.680
   270  3364922   173763   2.690
   271  3377431   173763   2.700
   272  3389940   176009   2.710
   273  3402449   176009   2.720
   274  3414958   176009   2.730
   275  3427467   176009   2.740
   276  3439976   176009   2.750
   277  3452485   176009   2.760
   278  3464994   176009   2.770
   279  3477503   176009   2.780
   280  3490012   176009   2.790
   281  3502521   176009   2.800
   282  3515030   176009   2.810
   283  3527539   176009   2.820
   284  3540048   178371   2.830
   285  3552557   178371   2.840
   286  3565066   178371   2.850
   287  3577575   178371   2.860
   288  3590084   178371   2.870
   289  3602593   178371   2.880
   290  3615102   178371   2.890
   291  3627611   178371   2.900
   292  3640120   178371   2.910
   293  3652629   178371   2.920
   294  3665138   178371   2.930
   295  3677647   178371   2.940
   296  3690156   180738   2.950
   297  3702665   180738   2.960
   298  3715174   180738   2.970
   299  3727683   180738   2.980
   300  3740192   181981   2.990
   301  3752701   181981   3.000
